{
  "advancedEditorSelectedIdentifier" : "ProjectBrowser",
  "openSceneRelativePaths" : [
    "Scene.usda"
  ],
  "recentIdentifiers" : {
    "26DBAE76-5DD8-47B6-A085-1B4ADA111097" : [

    ]
  },
  "sceneCameraHistory" : {
    "26DBAE76-5DD8-47B6-A085-1B4ADA111097" : [
      {
        "date" : 734267523.027209,
        "title" : "Untitled",
        "transform" : [
          -0.026312582,
          3.8045164e-07,
          0.99965376,
          0,
          0.90856385,
          0.41706085,
          0.02391476,
          0,
          -0.41691646,
          0.90887856,
          -0.010974311,
          0,
          -0.044518135,
          0.26476675,
          0.00317017,
          1
        ]
      },
      {
        "date" : 734267245.677235,
        "title" : "Untitled",
        "transform" : [
          -0.026312526,
          2.6980317e-07,
          0.9996538,
          0,
          0.90856385,
          0.41706082,
          0.023914808,
          0,
          -0.41691646,
          0.9088786,
          -0.010974181,
          0,
          -0.041342832,
          0.26622432,
          0.0032537533,
          1
        ]
      },
      {
        "date" : 734267244.179191,
        "title" : "Untitled",
        "transform" : [
          -0.026312552,
          2.4000082e-07,
          0.99965376,
          0,
          0.90856385,
          0.41706076,
          0.023914846,
          0,
          -0.41691637,
          0.90887856,
          -0.01097415,
          0,
          -0.05141653,
          0.13311216,
          -0.00039765384,
          1
        ]
      },
      {
        "date" : 734267240.051054,
        "title" : "Untitled",
        "transform" : [
          -0.026312582,
          1.5059386e-07,
          0.9996538,
          0,
          0.908564,
          0.41706076,
          0.023914916,
          0,
          -0.41691634,
          0.9088786,
          -0.01097412,
          0,
          -0.04451813,
          0.26476678,
          0.003170235,
          1
        ]
      },
      {
        "date" : 734267043.184104,
        "title" : "Untitled",
        "transform" : [
          -0.02631253,
          2.414114e-08,
          0.99965376,
          0,
          0.908564,
          0.41706085,
          0.023914848,
          0,
          -0.41691643,
          0.9088786,
          -0.010973887,
          0,
          -0.06074427,
          0.20654552,
          0.022675881,
          1
        ]
      },
      {
        "date" : 734267036.759285,
        "title" : "Untitled",
        "transform" : [
          -0.28340477,
          2.4647973e-08,
          0.95900047,
          0,
          0.5720524,
          0.8026064,
          0.16905347,
          0,
          -0.7696998,
          0.59650904,
          -0.22746244,
          0,
          -0.1526539,
          0.15221536,
          -0.01980862,
          1
        ]
      },
      {
        "date" : 734267030.966197,
        "title" : "Untitled",
        "transform" : [
          -0.28340465,
          2.4431843e-08,
          0.9590004,
          0,
          0.5720524,
          0.80260634,
          0.16905345,
          0,
          -0.76969975,
          0.59650904,
          -0.22746243,
          0,
          -0.22571644,
          0.1333219,
          -0.08702391,
          1
        ]
      },
      {
        "date" : 734267021.189883,
        "title" : "Untitled",
        "transform" : [
          0.4506421,
          2.4005136e-08,
          0.89270467,
          0,
          0.450027,
          0.8636358,
          -0.22717603,
          0,
          -0.7709717,
          0.5041163,
          0.3891906,
          0,
          -0.23614748,
          0.10583334,
          0.09734981,
          1
        ]
      },
      {
        "date" : 734266702.717525,
        "title" : "Untitled",
        "transform" : [
          0.45064205,
          1.6112374e-12,
          0.89270467,
          0,
          0.45002693,
          0.8636358,
          -0.22717601,
          0,
          -0.7709717,
          0.50411624,
          0.3891906,
          0,
          -0.20094551,
          0.10758739,
          0.09417775,
          1
        ]
      },
      {
        "date" : 734266649.701642,
        "title" : "Untitled",
        "transform" : [
          0.45064205,
          1.6112374e-12,
          0.89270467,
          0,
          0.45002693,
          0.8636358,
          -0.22717601,
          0,
          -0.7709717,
          0.50411624,
          0.3891906,
          0,
          -0.14337683,
          0.11627633,
          0.058405187,
          1
        ]
      }
    ]
  }
}